Player|Match|Inns|Runs|AVG|SR|4s|6s
RIYAD_23|2|0|0|N/A|0.00|0|0
JOBAER_23|2|0|0|N/A|0.00|0|0
ACHANUR_22|1|0|0|N/A|0.00|0|0
SHAD_22|1|0|0|N/A|0.00|0|0
RAKIB_22|1|0|0|N/A|0.00|0|0
M SHUVO_22|1|1|2|N/A|100.00|0|0
SAIKOT. YT_23|2|0|0|N/A|0.00|0|0
MD ANTOR_22|1|0|0|N/A|0.00|0|0
SM. SHUVO_22|1|0|0|N/A|0.00|0|0
MUSFIQUR_23|2|0|0|N/A|0.00|0|0
MRIDUL_22|1|0|0|N/A|0.00|0|0
MD SOUROV_22|1|0|0|N/A|0.00|0|0
MINHAJ_22|1|0|0|N/A|0.00|0|0
POROS.H_22|1|1|6|N/A|150.00|1|0
M MARUF_23|2|2|14|N/A|280.00|3|0
MA MARUF_23|2|0|0|N/A|0.00|0|0
SHAHED_23|2|2|8|N/A|200.00|1|0
SM SHUVON_22|1|0|0|N/A|0.00|0|0
XIX.HASHIBUR_23|2|0|0|N/A|0.00|0|0
FS.RIDOY_23|2|0|0|N/A|0.00|0|0
SHUVO_22|1|0|0|N/A|0.00|0|0
J.N NIROB_23|2|0|0|N/A|0.00|0|0
SHARIFUL SS_22|1|0|0|N/A|0.00|0|0
CALL ME-E 01619888988_22|1|0|0|N/A|0.00|0|0
SB BADOL_22|1|0|0|N/A|0.00|0|0
MD.SAMIM_24|1|0|0|N/A|0.00|0|0
MR HASAN_24|1|0|0|N/A|0.00|0|0
ZIHAD_24|1|0|0|N/A|0.00|0|0
RABBI_24|1|0|0|N/A|0.00|0|0
SAROWAR_24|1|0|0|N/A|0.00|0|0
LIKHON_24|1|0|0|N/A|0.00|0|0
TOGOR_24|1|0|0|N/A|0.00|0|0
RIPON_24|1|0|0|N/A|0.00|0|0
SHUVO_24|1|0|0|N/A|0.00|0|0
SAIKAT_24|1|0|0|N/A|0.00|0|0
TASHRIK_24|1|1|2|N/A|200.00|0|0
APURBA_24|1|1|9|N/A|225.00|0|1
NAIM_24|1|0|0|N/A|0.00|0|0
ROBIN_24|1|0|0|N/A|0.00|0|0
SHAKIB_24|1|0|0|N/A|0.00|0|0
SIJAR_24|1|0|0|N/A|0.00|0|0
R RIMON_24|1|0|0|N/A|0.00|0|0
FARHAN_20|1|0|0|N/A|0.00|0|0
PIASH_20|1|0|0|N/A|0.00|0|0
JAKIR_21|1|0|0|N/A|0.00|0|0
SAMAUN_21|1|0|0|N/A|0.00|0|0
FALHA_21|1|0|0|N/A|0.00|0|0
VP.SHAKIB SS_20|1|0|0|N/A|0.00|0|0
RAHUL_21|1|0|0|N/A|0.00|0|0
MUNNA_21|1|0|0|N/A|0.00|0|0
RIFAT_21|1|0|0|N/A|0.00|0|0
SOHAG_21|1|0|0|N/A|0.00|0|0
TAREAK DA_21|1|0|0|N/A|0.00|0|0
HERO_21|1|0|0|N/A|0.00|0|0
MOMIN_21|1|0|0|N/A|0.00|0|0
SH_20|1|0|0|N/A|0.00|0|0
TANVIR_21|1|0|0|N/A|0.00|0|0
SHAKIL JR_20|1|0|0|N/A|0.00|0|0
JIHAD_21|1|0|0|N/A|0.00|0|0
S.R SONY JR_20|1|0|0|N/A|0.00|0|0
JAMIUL_21|1|0|0|N/A|0.00|0|0
ALI_20|1|0|0|N/A|0.00|0|0
NAIM_21|1|1|1|N/A|100.00|0|0
RAKIB_20|1|1|13|N/A|216.67|3|0
RONY_20|1|0|0|N/A|0.00|0|0
SELIM_21|1|0|0|N/A|0.00|0|0
RAKIB_21|1|0|0|N/A|0.00|0|0
RIFAT_20|1|1|0|N/A|0.00|0|0
SHADHEEN_21|1|0|0|N/A|0.00|0|0
SHAMIM_20|1|0|0|N/A|0.00|0|0
NADIM_20|1|0|0|N/A|0.00|0|0
LAM_21|1|1|11|N/A|220.00|0|1
SS SHAJID_21|1|0|0|N/A|0.00|0|0
JOY_21|1|0|0|N/A|0.00|0|0
